0.00024344667 12.13966083527 0.01536135003
0.00263616280 12.16747760773 0.01354219113
0.00377309369 12.14815139771 0.01148828957
0.00584663416 12.13493156433 0.00882217102
0.00628156378 12.13937568665 0.01480210572
0.00684515398 12.08383750916 0.01614649035
0.00809182040 12.11579895020 0.00686703762
0.00958083919 12.13605880737 0.00891910866
0.01065769745 12.13981533051 0.01045179274
0.01136935072 12.08269596100 0.01515126787
0.01149179658 12.12434196472 0.01062040124
0.01182800357 12.15543937683 0.01547443774
0.01319026947 12.10900306702 0.00957769714
0.01445598737 12.05563354492 0.01000319980
0.01518443332 12.12042617798 0.00995128881
0.01549895131 12.13603591919 0.01041843370
0.01640022174 12.10151672363 0.01824242994
0.01705150784 12.11689662933 0.00914273690
0.01879073528 12.13041973114 0.00750617636
0.01907691453 12.09015941620 0.00631491188
0.02155847673 12.13054847717 0.00684783841
0.02173673024 12.12625789642 0.01637749001
0.02189270558 12.10160827637 0.00641070865
0.02410563908 12.10383987427 0.01074972935
0.02460611251 12.10344696045 0.01060648821
0.02796468884 12.08056735992 0.01008502766
0.03111441422 12.13429737091 0.01386650093
0.03353123227 12.14501857758 0.01403874438
0.03463550343 12.10198402405 0.01192076597
0.03670144011 12.14554214478 0.00934987795
0.03715222259 12.16178607941 0.01639653184
0.03771453630 12.13634395599 0.01573098078
0.03898688988 12.12254047394 0.00706350431
0.04044324881 12.15476036072 0.00933925714
0.04154484044 12.10365962982 0.01029820833
0.04224031826 12.10051155090 0.01406361721
0.04237070447 12.11340999603 0.01070642658
0.04271482385 12.10854721069 0.01194358990
0.04407551861 12.09653663635 0.00957066007
0.04532680055 12.08229446411 0.00921476632
0.04608616664 12.10825347900 0.00990316365
0.04636485444 12.11061954498 0.00994226243
0.04727118916 12.12493419647 0.01624033414
0.04789806472 12.13349533081 0.00971714780
0.04966964328 12.11501502991 0.00672469521
0.04996422585 12.09557533264 0.00663001230
0.05035817658 12.14605617523 0.01180714648
0.05244371190 12.12510967255 0.00736763654
0.05262387334 12.09694290161 0.01683014259
0.05277159961 12.09090614319 0.00698035443
0.05548532913 12.10247325897 0.01017551031
0.05885183194 12.08300304413 0.01174672134
0.06197523861 12.14226150513 0.01410616003
0.06441014016 12.13528347015 0.01269529667
0.06458696281 12.12160205841 0.00792582333
0.06551439734 12.12022590637 0.01115099154
0.06756384985 12.14560031891 0.00880492385
0.06803111651 12.14201927185 0.01586388797
0.06858519523 12.10079002380 0.01648010872
0.06986579788 12.09512233734 0.00703636324
0.07133039203 12.12565898895 0.00963423029
0.07240740466 12.10717868805 0.01093049906
0.07313540170 12.12181568146 0.01271750592
0.07325593964 12.09728336334 0.00969248172
0.07360038161 12.10348415375 0.01371782087
0.07489443815 11.97948455811 0.01800657809
0.07497883716 12.10638237000 0.01014430542
0.07617968449 12.11300849915 0.00948327873
0.07696506055 12.09693527222 0.00936503615
0.07722757279 12.13703918457 0.01096647605
0.07723722479 12.14245033264 0.02102595754
0.07815008319 12.13150215149 0.01586070098
0.07876744692 12.11421775818 0.00859232899
0.08055663190 12.10310077667 0.00720698247
0.08085136896 12.06726646423 0.00596839469
0.08121930959 12.11789417267 0.01079942007
0.08331469342 12.10507678986 0.00658594025
0.08355732635 12.12851524353 0.01729469746
0.08365843398 12.08368396759 0.00604976574
0.08638673974 12.06572914124 0.01060764212
0.08974690142 12.06603622437 0.01134255528
0.09283003060 12.12483596802 0.01336932741
0.09529569803 12.16538906097 0.01342814881
0.09543984686 12.12176609039 0.00773856416
0.09845099295 12.12693500519 0.00866257772
0.09891827358 12.15143203735 0.01637154073
0.09944823629 12.10872840881 0.01497308258
0.10054714826 12.11753559113 0.00971225277
0.10073485738 12.09372997284 0.00644042017
0.10219280166 12.12761878967 0.00915108155
0.10328471323 12.11050701141 0.01037796028
0.10400604655 12.11221885681 0.01540366746
0.10414308263 12.08450889587 0.00922939647
0.10445486498 12.12971687317 0.01304177847
0.10584948200 12.10638427734 0.00946580432
0.10705049778 12.09232330322 0.00917656347
0.10810026585 12.12505340576 0.01785409078
0.10814040306 12.08011436462 0.01032489911
0.10902708326 12.13748741150 0.01477532461
0.10963810585 12.10873794556 0.00869081356
0.11145027052 12.08418369293 0.00674363645
0.11208187370 12.14023113251 0.01134533063
0.11419358733 12.10179615021 0.00681046490
0.11446032231 12.09529495239 0.01667908020
0.11453574267 12.07728290558 0.00630646711
0.11727388273 12.09536552429 0.01071462128
0.11967157922 12.07999801636 0.01291292533
0.12060963386 12.08482933044 0.01226041373
0.12370068952 12.11964130402 0.01453209575
0.12617459195 12.15313053131 0.01352506876
0.12631050579 12.09516048431 0.00818379223
0.12933813606 12.09953975677 0.00868364517
0.12980350875 12.12994289398 0.01640165597
0.13033474796 12.12891197205 0.01587023772
0.13143398263 12.10129165649 0.00956472848
0.13162201445 12.08569049835 0.00756134279
0.13304569980 12.11548328400 0.01260523032
0.13418803189 12.07690238953 0.01044534799
0.13490143872 12.08844470978 0.01701723039
0.13502199063 12.11135482788 0.00941471290
0.13533375890 12.11982822418 0.01180048753
0.13672838989 12.09599304199 0.00995078869
0.13792940567 12.09152126312 0.00998949446
0.14050082420 12.11717605591 0.00871707965
0.14232092933 12.08476352692 0.00780504383
0.14260773989 12.07066631317 0.00644736178
0.14293651143 12.10739803314 0.00967236422
0.14334465959 12.11051559448 0.00978370663
0.14508042182 12.06739997864 0.00644951407
0.14534715668 12.09770011902 0.01731902733
0.14814612688 12.10533905029 0.01040808205
0.15055047325 12.12502384186 0.01302210242
0.15151295241 12.05212402344 0.01080459543
0.15459575900 12.13672256470 0.01340355538
0.15482765972 12.11146831512 0.01199878845
0.15704525087 12.16705894470 0.01460927259
0.15719764878 12.11148262024 0.00771892909
0.16019896057 12.10002040863 0.00861606747
0.16067416768 12.16595840454 0.01670187525
0.16121364199 12.12997245789 0.01588858478
0.16232905223 12.09613513947 0.00907020457
0.16250883485 12.10248851776 0.00685988739
0.16391698993 12.09471416473 0.01239975728
0.16505060985 12.11099815369 0.00954684149
0.16579492285 12.05079078674 0.02010493912
0.16590881103 12.09881782532 0.00974430609
0.16622059327 12.10099697113 0.01169690862
0.16752289899 12.13648509979 0.01708598062
0.16761553311 12.12892532349 0.01077676099
0.16878387507 12.09178161621 0.00970283896
0.16988851095 12.08543586731 0.01778951660
0.17134738120 12.09785938263 0.00948501192
0.17320807243 12.06016063690 0.00795447454
0.17349472863 12.08341979980 0.00638844213
0.17379908951 12.10921192169 0.01043762453
0.17420706933 12.09356403351 0.01009809785
0.17595931573 12.08852386475 0.00644224975
0.17621781561 12.08247280121 0.01672365516
0.18143761624 12.08982563019 0.01441379730
0.18461267813 12.12642288208 0.01371766906
0.18545849144 12.11502170563 0.01541685313
0.18571417150 12.08697605133 0.01037403010
0.18792414479 12.16858673096 0.01461314596
0.18806830770 12.08194828033 0.00802520290
0.19039435755 12.07933330536 0.00645430852
0.19107785448 12.09404945374 0.00925210584
0.19210079894 12.12073707581 0.01625569351
0.19321619521 12.07428646088 0.00845044013
0.19338772888 12.09483814240 0.00691257603
0.19479588384 12.12036800385 0.00961845089
0.19593775307 12.10269260406 0.01288187690
0.19666558178 12.08183002472 0.00774610881
0.19679595414 12.08408069611 0.00890124962
0.19711566274 12.08438777924 0.01243282389
0.19850076805 12.08434200287 0.00939086825
0.19964660739 12.07198810577 0.00809365232
0.20223452419 12.08019638062 0.00932348799
0.20409506105 12.07675838470 0.00728306687
0.20438995236 12.05219841003 0.00664924411
0.20466988871 12.09889507294 0.00977585930
0.20505995338 12.10014915466 0.00961160753
0.20688545960 12.02572250366 0.00637458218
0.20710305066 12.07900714874 0.01686475985
0.21232477331 12.11771869659 0.01436802372
0.21326916898 12.09518432617 0.01086394303
0.21551599668 12.08666992188 0.01080253813
0.21632787376 12.07629108429 0.01305442210
0.21659306542 12.11458683014 0.01057834644
0.21881128789 12.12820911407 0.01413302310
0.21893927513 12.08140850067 0.00796166342
0.22141946258 12.05894184113 0.00650186324
0.22194057284 12.07184410095 0.00830698293
0.22241610265 12.13488197327 0.02439170331
0.22297018126 12.15023612976 0.02542699873
0.22410302958 12.07805633545 0.00889466237
0.22427487187 12.09525203705 0.00689016003
0.22458574222 12.07787704468 0.01037372462
0.22682474169 12.14399051666 0.01076351944
0.22755272477 12.08687496185 0.00805450510
0.22800122050 12.10354900360 0.01227004733
0.22926292615 12.12795925140 0.01776717603
0.22938791115 12.13593006134 0.01041423529
0.23053184256 12.07268524170 0.00809541997
0.23311152426 12.07951927185 0.00854167342
0.23527694109 12.06267833710 0.00623264816
0.23553088156 12.09811019897 0.01064469293
0.23593886127 12.13698101044 0.01370456535
0.23778054304 12.07083320618 0.00630941102
0.23796546052 12.09014892578 0.01677783951
0.24136399152 12.10457324982 0.01099609490
0.24319383281 12.09957790375 0.01264418848
0.24414806301 12.07540416718 0.01121078897
0.24640283117 12.11140727997 0.01019625459
0.24720676767 12.12312984467 0.01365199499
0.24746435566 12.06818199158 0.01014935225
0.24968257803 12.11215305328 0.01366103254
0.24982451031 12.09271621704 0.00776938954
0.25237763487 12.09941482544 0.00658017490
0.25279505609 12.08330821991 0.00831293501
0.25330324564 12.16796016693 0.03176060691
0.25499017269 12.07180118561 0.00971078128
0.25516012090 12.07905960083 0.00645019580
0.25545670977 12.07784843445 0.01158219017
0.25769380131 12.17940616608 0.01053655986
0.25843131018 12.09796237946 0.00838669389
0.25887187943 12.08987331390 0.01183356997
0.26025064359 12.12818145752 0.01004183013
0.26138648018 12.09633159637 0.00756488601
0.26587727363 12.07709598541 0.00667571556
0.26619643532 12.09397697449 0.00624501193
0.26640977548 12.10548019409 0.01077169180
0.26680950611 12.13192176819 0.01618654653
0.26865118789 12.07483386993 0.00628297310
0.26883642795 12.05234336853 0.01713410206
0.27225113462 12.10839271545 0.01081999298
0.27288492653 12.10628604889 0.01630583033
0.27408256114 12.12111473083 0.01185650658
0.27503488341 12.10768413544 0.01048083697
0.27727221337 12.13357925415 0.01073511597
0.27807742648 12.06863594055 0.01296719071
0.27835783979 12.10561561584 0.01801923662
0.28055988671 12.11602306366 0.01296880655
0.28070341819 12.06816768646 0.00783905666
0.28326477797 12.08628368378 0.00600316096
0.28367396421 12.09161472321 0.00823616143
0.28420625557 12.17498874664 0.02367283218
0.28476856928 12.18458366394 0.02921237051
0.28586748138 12.07219123840 0.00882952381
0.28603901493 12.10047435760 0.00648671063
0.28633560368 12.06105136871 0.01003310271
0.28858094430 12.13423824310 0.01084527560
0.28931020410 12.07515716553 0.00792770740
0.28973459790 12.07118511200 0.01388371270
0.29112130252 12.09913158417 0.00919318479
0.29224096355 12.07690906525 0.00813790224
0.29675442795 12.07249641418 0.00692911912
0.29709816852 12.08296108246 0.00685639493
0.29729691858 12.06302261353 0.01057720929
0.29767254728 12.11769962311 0.01325161196
0.29969916039 12.07117557526 0.01477862429
0.30313004262 12.09688663483 0.01083653048
0.30375620269 12.12066936493 0.01335985214
0.30591379141 12.09353256226 0.01169315260
0.30815903365 12.08509159088 0.01056107134
0.30894014495 12.17194366455 0.01505560335
0.30909191153 12.08050251007 0.00880560279
0.30923674779 12.10350131989 0.01928297244
0.31142578961 12.16841602325 0.01504034363
0.31156613654 12.06708812714 0.00816059206
0.31414368597 12.11347961426 0.00619779946
0.31455285812 12.07719993591 0.00844559632
0.31506738882 12.11604404449 0.01988740079
0.31563922809 12.11167240143 0.02367235906
0.31675431575 12.08626651764 0.00909823272
0.31690999644 12.10326099396 0.00683626626
0.31722243817 12.08794021606 0.01091897767
0.31945985230 12.14470672607 0.01028772444
0.32020368834 12.09603309631 0.00732584391
0.32061350590 12.10721588135 0.01311782189
0.32200019644 12.13354396820 0.00950039271
0.32311177673 12.07570075989 0.00824212562
0.32764157106 12.08284854889 0.00646679709
0.32797706255 12.11890602112 0.00659717573
0.32815140195 12.11439704895 0.01013064291
0.32854320609 12.15359115601 0.01186851412
0.33058598079 12.09325981140 0.01452299301
0.33398294065 12.09723186493 0.00954566058
0.33463511057 12.11203193665 0.01213586424
0.33678317349 12.11945533752 0.01202438492
0.33902176621 12.10008525848 0.01082970481
0.33982539410 12.13472461700 0.01318314392
0.33995305875 12.09321022034 0.01043421403
0.34010739264 12.15598964691 0.01496929396
0.34227710252 12.17680740356 0.01338960137
0.34242886910 12.08984565735 0.00819526147
0.34464617958 12.10229206085 0.00668097241
0.34502257989 12.10680294037 0.00621462660
0.34540606488 12.08278751373 0.00875432789
0.34652637120 12.17672443390 0.02044876851
0.34763320966 12.10914611816 0.00865550619
0.34779681684 12.11363983154 0.00684273802
0.34810799593 12.07613468170 0.01043941732
0.34989709675 12.11160182953 0.01165280398
0.35038742714 12.11854648590 0.01042149123
0.35109084542 12.14287662506 0.00779127702
0.35148415074 12.13498401642 0.01673247665
0.35287116386 12.10919952393 0.00978156365
0.35399876547 12.09108829498 0.00862186123
0.35852855979 12.09563827515 0.00626453152
0.35884787573 12.12085151672 0.00675007794
0.35902062978 12.08712959290 0.01149154361
0.35941258830 12.13482666016 0.01193506364
0.36145505437 12.08887672424 0.01299787778
0.36485358549 12.13354778290 0.01094517857
0.36551400460 12.08136081696 0.01185703557
0.36767000798 12.09128856659 0.01032155380
0.36987624946 12.10629463196 0.01215648185
0.37083195266 12.06755924225 0.00910580065
0.37101040257 12.13618564606 0.01329528820
0.37142493390 12.12979125977 0.01640960388
0.37314774736 12.14248085022 0.01291405410
0.37330776302 12.08692550659 0.00887900777
0.37552507350 12.10171508789 0.00655457051
0.37591606413 12.11255168915 0.00579210371
0.37626847450 12.10328388214 0.00903668161
0.37739575340 12.18931674957 0.01902579330
0.37851211766 12.08844852448 0.00890534278
0.37868395995 12.12496852875 0.00698884064
0.37898688985 12.10375022888 0.01114438381
0.38078423974 12.13192272186 0.01215315424
0.38124191051 12.13106441498 0.01034698822
0.38233704877 12.10948467255 0.01419382356
0.38486799342 12.09448814392 0.00752454624
0.38940745371 12.09629440308 0.00637279917
0.38973327912 12.13758850098 0.00687094918
0.38989127474 12.11214351654 0.01107228547
0.39029149630 12.16948699951 0.01401673164
0.39234187477 12.08447170258 0.01210302301
0.39301879192 12.15450859070 0.01855976135
0.39573249349 12.11809635162 0.01018912531
0.39635865344 12.11605453491 0.01319306530
0.39855715097 12.12578964233 0.01230784040
0.40076339256 12.11974906921 0.01303854398
0.40171086066 12.09073543549 0.00918759592
0.40191402985 12.09940338135 0.01235924009
0.40231207700 12.15080738068 0.01518200990
0.40401871479 12.19369983673 0.01403401513
0.40416066104 12.09932804108 0.00829504244
0.40643631853 12.10160446167 0.00676387548
0.40680322109 12.13636016846 0.00634455448
0.40713913343 12.08844089508 0.00868038367
0.40942367131 12.09800720215 0.00841352809
0.40956128261 12.12170314789 0.00674625160
0.40985754877 12.11122703552 0.01115193404
0.41167107422 12.12387180328 0.01193036884
0.41211113846 12.11406898499 0.00928271562
0.41324036731 12.10219001770 0.01251689624
0.41573055752 12.09315681458 0.00759165874
0.41717803618 12.15649604797 0.01408267859
0.42029285710 12.12246131897 0.00623047817
0.42075400706 12.11559677124 0.01120888069
0.42121097643 12.13576602936 0.01095016487
0.42388943676 12.24233436584 0.02611639909
0.42659521184 12.10522556305 0.01110505778
0.42722106329 12.11469745636 0.01183039695
0.42842572660 12.12801456451 0.00766258594
0.42888200842 12.12391376495 0.01018457208
0.42941956082 12.14134120941 0.01123726554
0.43165021297 12.13880920410 0.01094537508
0.43258182821 12.09764385223 0.00856962241
0.43279293785 12.16976356506 0.01314922050
0.43319921999 12.07436370850 0.01971142739
0.43490904244 12.16911411285 0.01376090292
0.43503130588 12.11008930206 0.00870954990
0.43731522653 12.12078475952 0.00673404150
0.43768211512 12.12091922760 0.00573821785
0.43801042368 12.12191390991 0.00902808364
0.43914530624 12.19238758087 0.02257946134
0.44030257920 12.13132953644 0.00779649056
0.44046460115 12.14730453491 0.00739782024
0.44074469176 12.08761978149 0.01166072860
0.44255821721 12.14331817627 0.01193914004
0.44299003237 12.11528110504 0.01047236566
0.44412751030 12.11491680145 0.01438271347
0.44662578136 12.09518051147 0.00774868391
0.44805503613 12.14289665222 0.01433958951
0.45116351603 12.13574790955 0.00631949026
0.45164099580 12.08892822266 0.01149130426
0.45208163525 12.16484069824 0.01178688649
0.45475247793 12.09609317780 0.01905947737
0.45747410576 12.09651184082 0.00975203514
0.45809172210 12.14270877838 0.01338785421
0.45928813634 12.16323471069 0.00825576205
0.45981957193 12.14186668396 0.01035196893
0.46029845474 12.13537025452 0.01342335530
0.46250311099 12.11562633514 0.01056966558
0.46344423795 12.10058975220 0.00958767720
0.46367817279 12.14796924591 0.01276888512
0.46406987892 12.12857723236 0.01808637381
0.46579110692 12.17562007904 0.01387292799
0.46590228751 12.13411617279 0.00826838613
0.46603827132 12.14135265350 0.00645910343
0.46819570567 12.11263942719 0.00668353867
0.46849923895 12.09992504120 0.01137714554
0.46856893541 12.14183712006 0.00646866253
0.46887092548 12.11976051331 0.00831173174
0.47000771610 12.15538120270 0.01943170466
0.47117988800 12.11798477173 0.00755939260
0.47135142144 12.15507507324 0.00687272009
0.47162358568 12.10059165955 0.01110475324
0.47342729080 12.14535331726 0.01217597444
0.47387702111 12.12395572662 0.01026992314
0.47499847796 12.13129711151 0.01468966063
0.47749644017 12.10488986969 0.00808593258
0.47893393005 12.14430618286 0.01296372898
0.48206683458 12.14143371582 0.00668381015
0.48254431435 12.09548091888 0.01107882243
0.48296052928 12.15454578400 0.01207660418
0.48564406822 12.13791084290 0.01889151335
0.48835966364 12.13001728058 0.01099027693
0.48896299826 12.12653255463 0.01256100181
0.49017527944 12.14843559265 0.00823918544
0.49067881121 12.13312816620 0.01141295768
0.49115958787 12.14784622192 0.01063700020
0.49337407853 12.11900424957 0.01075204648
0.49432979571 12.13173103333 0.00907711498
0.49457356508 12.16520118713 0.01448046416
0.49495702190 12.15238475800 0.02273527347
0.49667000095 12.14601421356 0.01378023159
0.49679735699 12.12782382965 0.00819463097
0.49693334091 12.14619255066 0.00666212104
0.49910378025 12.14160537720 0.00705902278
0.49936988379 12.09124660492 0.00953956507
0.49944784341 12.14436531067 0.00650052866
0.50089485908 12.15345287323 0.01837974787
0.50205878192 12.11938762665 0.00839742646
0.50221415400 12.15608215332 0.00708918413
0.50246823463 12.08833122253 0.01110712066
0.50429793564 12.11880493164 0.01266706735
0.50476400985 12.11638164520 0.01046535280
0.50563854072 12.16376495361 0.01112093218
0.50588498963 12.13111877441 0.01549242157
0.50837374886 12.11192321777 0.00955159497
0.50979697111 12.18191337585 0.01380320080
0.51296190405 12.13502311707 0.00642230595
0.51342970389 12.14544487000 0.01098293625
0.51382167637 12.15310573578 0.01147292275
0.51924808323 12.10858631134 0.01124959532
0.51983365719 12.13286685944 0.01207948476
0.52107002621 12.16240978241 0.00836351980
0.52154154365 12.14588260651 0.01003634464
0.52212793124 12.14384937286 0.01306726970
0.52426091291 12.09912014008 0.01119113714
0.52519251406 12.12035846710 0.00824454334
0.52546007687 12.19180774689 0.01296607777
0.52583402197 12.15879821777 0.01823378354
0.52754065976 12.18737697601 0.01443971042
0.52766007534 12.11883258820 0.00857780315
0.52780415409 12.14767456055 0.00687561929
0.52998268814 12.12416839600 0.00679852860
0.53026496724 12.09659671783 0.01057819277
0.53032198153 12.15711879730 0.00658094743
0.53295386536 12.14796924591 0.00932890177
0.53310922347 12.15612983704 0.00756057492
0.53335537773 12.13404846191 0.01061547920
0.53517684364 12.16343498230 0.01335563324
0.53563482303 12.13541507721 0.00959109422
0.53676262090 12.15552711487 0.01725116186
0.54066763003 12.17310714722 0.01411279384
0.54383921274 12.15647125244 0.00656816969
0.54430861177 12.12805175781 0.01153423544
0.54469232121 12.16625499725 0.01204881538
0.54652357940 12.14282798767 0.00862259883
0.54742152488 12.13137245178 0.02005047165
0.55012697726 12.13728904724 0.01049648039
0.55071890634 12.15752124786 0.01333689317
0.55194765760 12.16972255707 0.00841877516
0.55242868664 12.10249233246 0.01013331302
0.55299857608 12.17478466034 0.01304779854
0.55513188045 12.09547519684 0.01204480138
0.55604699743 12.13474082947 0.01013168879
0.55634721986 12.18318080902 0.01437307801
0.55670529814 12.14096641541 0.01836691238
0.55846015399 12.17067337036 0.01328998245
0.55853073427 12.14537239075 0.00864802394
0.55868146277 12.15046977997 0.00654130103
0.56086983124 12.14134883881 0.00706469594
0.56116828590 12.08704948425 0.00945207383
0.56122022145 12.16386604309 0.00668703159
0.56383275928 12.14492702484 0.00878518354
0.56398653216 12.15303802490 0.00772509724
0.56425046118 12.09273433685 0.01055196114
0.56606398663 12.12674617767 0.01328018866
0.56650562212 12.07619380951 0.00989815686
0.56763327983 12.14628982544 0.01860541292
0.57154652395 12.21002769470 0.01427400298
0.57519560051 12.08322143555 0.01087472774
0.57555537624 12.18377017975 0.01259910781
0.57741072238 12.16435813904 0.00850350689
0.58103029581 12.15348815918 0.01111494098
0.58159780025 12.17023658752 0.01412254758
0.58282656549 12.15779113770 0.00826209690
0.58314405766 12.17138671875 0.00969131850
0.58329109650 12.12674427032 0.01051907800
0.58387748408 12.16069698334 0.01236321498
0.58471124643 12.12600135803 0.00942595769
0.58599429019 12.09321212769 0.01095750928
0.58693414053 12.16488838196 0.00877480395
0.58723436284 12.17124557495 0.01443454251
0.58760005899 12.21506881714 0.01796452701
0.58938154206 12.15178489685 0.01349208504
0.58940804296 12.15018939972 0.00928145368
0.58956020232 12.15468978882 0.00618447270
0.59175697423 12.15284919739 0.00719359424
0.59206335538 12.11408805847 0.01016724110
0.59209912946 12.16106128693 0.00660512224
0.59471990238 12.16570663452 0.00870465487
0.59486542607 12.15774154663 0.00758109009
0.59512935509 12.10194778442 0.01139924675
0.59695112973 12.13972759247 0.01339664496
0.59737469570 12.11700725555 0.00958213396
0.60241718288 12.16603755951 0.01329317503
0.60606641369 12.12874507904 0.01133502554
0.60641777201 12.17614555359 0.01424803957
0.60828835377 12.15398216248 0.00863279589
0.60920216620 12.16416168213 0.02846702002
0.61190920381 12.15143013000 0.01032873802
0.61244434316 12.17610263824 0.01490489859
0.61370545952 12.15957164764 0.00828365423
0.61402295157 12.15087223053 0.01251774095
0.61416206392 12.12976741791 0.00994153414
0.61559664982 12.11964321136 0.00956089981
0.61686525773 12.12264919281 0.01110627223
0.61781303445 12.16525840759 0.00875243451
0.61811961199 12.25528240204 0.01789393276
0.61848720198 12.19408512115 0.01666075364
0.62007126783 12.15516757965 0.00661564525
0.62024635077 12.13879489899 0.00961972773
0.62043911032 12.16584110260 0.00664436724
0.62262761907 12.14927768707 0.00715465983
0.62291593081 12.11776733398 0.01014810707
0.62296184793 12.16331481934 0.00655885320
0.62560673675 12.13586044312 0.00794980861
0.62600001402 12.13533210754 0.01423030440
0.63330241793 12.20147991180 0.01502802689
0.63694530772 12.11423778534 0.01074524038
0.63728018187 12.15748691559 0.01252162084
0.63913426537 12.17486381531 0.00900651049
0.64007281105 12.12235450745 0.01851214468
0.64277826331 12.17808532715 0.01161175780
0.64332325116 12.19082069397 0.01393764559
0.64459260250 12.15864562988 0.00861043110
0.64490946336 12.12427043915 0.01473900024
0.64503430808 12.13135910034 0.01036555134
0.64645936829 12.15904331207 0.00960328244
0.64866751782 12.17268276215 0.00842139218
0.64899850602 12.28535270691 0.02197849564
0.64936609601 12.18349838257 0.02016306669
0.65095808811 12.16960906982 0.00866922550
0.65113318514 12.16158866882 0.00913472846
0.65132625331 12.15765953064 0.00673289364
0.65351445356 12.15822792053 0.00759403082
0.65382749843 12.13757419586 0.01045186166
0.65385691740 12.16399002075 0.00640675100
0.65646786999 12.14747047424 0.00824776478
0.65688524919 12.12778949738 0.01204221975
0.65873968345 12.12087059021 0.01312025450
0.66066816309 12.20527076721 0.01226756442
0.66417307686 12.22414875031 0.01504904218
0.66667392908 12.17990684509 0.01709271781
0.66785829223 12.15299606323 0.01210789662
0.66815908975 12.17999076843 0.01224600989
0.67000555561 12.17689704895 0.00831851736
0.67095995403 12.30823612213 0.02698113769
0.67165611917 12.17858123779 0.00736228283
0.67365717131 12.17701053619 0.01121443044
0.67420214508 12.23233222961 0.01401167363
0.67546326143 12.18554401398 0.00904996600
0.67580485542 12.16667652130 0.01005691756
0.67589385598 12.13574695587 0.00971015729
0.67733002722 12.13465499878 0.01011264604
0.67860529886 12.08215141296 0.01141262334
0.67953659140 12.18682289124 0.00801363215
0.68025325297 12.17914676666 0.01873922721
0.68182905577 12.14357280731 0.00761603285
0.68200415268 12.16788196564 0.00908584613
0.68221973756 12.16066646576 0.00637668278
0.68440001132 12.15525913239 0.00872039516
0.68473874347 12.13873195648 0.01086677425
0.68474248925 12.16481018066 0.00661851326
0.68735501298 12.16916179657 0.00939999241
0.68777239218 12.12098979950 0.01227637194
0.68963476690 12.12186145782 0.01444525458
0.69154705713 12.20760059357 0.01249921322
0.69504436699 12.18293476105 0.01440022234
0.69753633882 12.14812183380 0.01451641880
0.69904495624 12.21382331848 0.01392024383
0.70089269860 12.17382431030 0.00818629097
0.70253501309 12.15853023529 0.00693732221
0.70444330503 12.09947681427 0.01105409022
0.70455224079 12.16010570526 0.01083756983
0.70504870208 12.23909282684 0.01757217944
0.70635040442 12.15039157867 0.00928490236
0.70667423774 12.15770912170 0.01070011407
0.70677592058 12.14693450928 0.01051642373
0.70821717021 12.16244220734 0.00909988116
0.70947595779 12.09245204926 0.01229914650
0.71030093788 12.11115360260 0.00646043429
0.71041548532 12.15436267853 0.00892473850
0.71113848814 12.22224426270 0.01738122851
0.71270605572 12.16820144653 0.00622242643
0.71286656242 12.18337726593 0.00912819151
0.71310688055 12.14838600159 0.00657478208
0.71528715431 12.17907047272 0.01014758740
0.71560146182 12.12578392029 0.01192599069
0.71562106046 12.15236759186 0.00672440650
0.71825008246 12.17012500763 0.00919688027
0.71864335972 12.14221477509 0.01352625340
0.72052191000 12.15070533752 0.01318129525
0.72241613071 12.21886444092 0.01341865771
0.72592326091 12.16854190826 0.01354055293
0.72841524682 12.14463901520 0.01477257907
0.73173862416 12.17150211334 0.00824435707
0.73273360881 12.26468181610 0.02634406835
0.73342183349 12.17015743256 0.00735255191
0.73530602339 12.11834144592 0.00995814987
0.73542320833 12.19155311584 0.01185694430
0.73591111181 12.16578102112 0.02043176070
0.73724388867 12.14778518677 0.00895634666
0.73763548234 12.14639568329 0.01079264563
0.73917725054 12.16290855408 0.00903312955
0.74033867614 12.10022830963 0.01470461674
0.74116191664 12.12719535828 0.00698955730
0.74126204220 12.17047119141 0.00923171453
0.74200152920 12.20837783813 0.02427799627
0.74359319871 12.17893123627 0.00674805883
0.74387897109 12.13974952698 0.01171284914
0.74397753947 12.16990661621 0.00674921460
0.74616606231 12.15104484558 0.01054739952
0.74647212075 12.14298915863 0.01211984176
0.74650820345 12.16069316864 0.00700607849
0.74913723953 12.17533016205 0.00876389816
0.74953019409 12.13967132568 0.01161618065
0.75140080391 12.18010234833 0.01382813882
0.75327059999 12.19012928009 0.01281042770
0.75679391983 12.19287204742 0.01359939948
0.75930048188 12.18249130249 0.01393133029
0.76076217205 12.20246410370 0.02045058273
0.76261751819 12.18310737610 0.00871396903
0.76362710702 12.12674427032 0.01766419597
0.76430897659 12.15901851654 0.00743349642
0.76619301224 12.12995147705 0.00971487816
0.76630053110 12.15669631958 0.01085675228
0.76811454748 12.15126132965 0.00956638623
0.76844789251 12.18705654144 0.01461424585
0.76849199994 12.18671703339 0.01807223819
0.76850612718 12.14264392853 0.01136099268
0.77003014856 12.17930793762 0.00973424781
0.77120108588 12.10224533081 0.01194963604
0.77204890538 12.15101146698 0.00724943727
0.77213268715 12.17878246307 0.00962048676
0.77448034182 12.16122341156 0.00676126778
0.77475564845 12.17905902863 0.01248196140
0.77488085802 12.15207862854 0.00649807695
0.77703670715 12.15830516815 0.00864287652
0.77734119433 12.15884590149 0.01152909640
0.77739694598 12.17967414856 0.00672586123
0.78039608314 12.16539478302 0.01151231676
0.78230221453 12.13515758514 0.01251421217
0.78414950799 12.21213817596 0.01250877418
0.78767090582 12.20199298859 0.01368012279
0.78976252978 12.16867542267 0.00897911098
0.79017114080 12.16230010986 0.01406943891
0.79163281689 12.19326877594 0.01502619032
0.79349514947 12.16086292267 0.00866716634
0.79449775186 12.15027999878 0.01794667915
0.79520406004 12.17078018188 0.00767951086
0.79705574457 12.12174701691 0.00976028573
0.79719560046 12.14375305176 0.01103057526
0.79900169058 12.16427135468 0.00911799166
0.79932678642 12.20933437347 0.01406237576
0.79940151947 12.14127063751 0.01063111052
0.80091698293 12.15890216827 0.01049974468
0.80209647806 12.10591793060 0.01237198897
0.80292779929 12.14017581940 0.00675715646
0.80299541948 12.15663051605 0.00833498314
0.80536717619 12.16874504089 0.00678048749
0.80563486507 12.17951011658 0.01394410711
0.80575975205 12.15664005280 0.00619294075
0.80793051398 12.16485023499 0.00910097361
0.80822833744 12.15996074677 0.01213930454
0.80828218092 12.14378547668 0.00656735105
0.81127023522 12.14186859131 0.01196656935
0.81317636662 12.05469989777 0.02364791743
0.81502047542 12.20561027527 0.01388102863
0.81851746270 12.17346668243 0.01276429929
0.82064142369 12.16638469696 0.00888610445
0.82107476797 12.14435291290 0.01339294482
0.82435755921 12.17775344849 0.00863569509
0.82607344224 12.16059494019 0.00753192045
0.82617940393 12.15902519226 0.01013168786
0.82795081416 12.15370368958 0.01094900817
0.82808242086 12.14799690247 0.01165504660
0.82924919156 12.11482334137 0.00984640419
0.82988883357 12.16712570190 0.00870440900
0.83020569442 12.19402599335 0.01462920848
0.83026266657 12.16434860229 0.01091273967
0.83179587696 12.18427181244 0.01126602851
0.83298171312 12.09356594086 0.01220780425
0.83381478814 12.16336345673 0.00751232635
0.83388097736 12.15251445770 0.00794396549
0.83626224566 12.15910911560 0.00653952966
0.83650139952 12.17460632324 0.01438964065
0.83662089915 12.16221046448 0.00651763286
0.83880148153 12.17193126678 0.00762487249
0.83910723135 12.13520336151 0.01132561453
0.83915948961 12.13984775543 0.00657946523
0.84214912914 12.16544151306 0.01149316784
0.84406033915 12.04592990875 0.01865381375
0.84589936945 12.16878509521 0.01383689977
0.84940460569 12.20481872559 0.01392720360
0.85149432183 12.17817401886 0.00897693634
0.85196192516 12.16619014740 0.01455695927
0.85522060038 12.15517139435 0.00864290539
0.85694410116 12.15853977203 0.00769993570
0.85706622433 12.17887592316 0.01007404085
0.85881987365 12.15080928802 0.01106953714
0.85894198273 12.16207981110 0.01201016549
0.86010366096 12.12454319000 0.00941378158
0.86076583364 12.16131687164 0.00989768747
0.86108458834 12.21605396271 0.02042327635
0.86112507631 12.14417171478 0.01106716134
0.86437356635 12.12815093994 0.00611452106
0.86467592116 12.13881397247 0.00678987149
0.86474369571 12.14730739594 0.00784484111
0.86716556433 12.15856361389 0.00626254175
0.86739045044 12.18052959442 0.01264960133
0.86750771955 12.14733219147 0.00602683984
0.86968831590 12.16493511200 0.00761071593
0.86997789028 12.14569759369 0.01051534899
0.87005488179 12.15371608734 0.00702188490
0.87676210189 12.18458175659 0.01299599092
0.88027526462 12.17308521271 0.01291495655
0.88237321575 12.18339347839 0.00930388924
0.88283257000 12.13938522339 0.01394206751
0.88336254656 12.12187194824 0.01897014864
0.88610711205 12.17655181885 0.00851860829
0.88784741971 12.15138053894 0.00755815301
0.88795147336 12.15663051605 0.01021300536
0.88969085517 12.11370658875 0.01006223913
0.89097605937 12.16357707977 0.00897302851
0.89166122570 12.14718627930 0.01042670570
0.89199604385 12.15264701843 0.01175942551
0.89353750320 12.16550254822 0.01062809583
0.89526055520 12.12035655975 0.00661198515
0.89556291001 12.13737583160 0.00668599643
0.89802671142 12.16009330750 0.00637970399
0.89827029838 12.14815902710 0.01611474901
0.89839486254 12.13111686707 0.00715223281
0.90057545900 12.15782070160 0.00836961344
0.90084060864 12.15599822998 0.01100911945
0.90583430254 12.14515686035 0.01254197676
0.90763908788 12.17845630646 0.01414157357
0.90995886677 12.15998268127 0.01252547093
0.91115415853 12.17063140869 0.01199804712
0.91325212375 12.15637493134 0.00906691235
0.91369497974 12.17460727692 0.01560531184
0.91423319140 12.14722824097 0.01804845966
0.91698600596 12.19003963470 0.00852245744
0.91873424011 12.13327407837 0.00848585740
0.91883861658 12.16628360748 0.01179888472
0.92056974908 12.13033199310 0.01000310667
0.92185179680 12.12086009979 0.00821838900
0.92254011973 12.12934589386 0.00872829184
0.92285876221 12.14679145813 0.01219924632
0.92442273838 12.15523815155 0.01167706307
0.92616213416 12.16999626160 0.00690611405
0.92644180392 12.14636898041 0.00709445029
0.92649324855 12.16335582733 0.00841857865
0.92891353182 12.14738368988 0.00645420933
0.92912382772 12.16801261902 0.01480232086
0.92926552147 12.11958694458 0.00698484899
0.93145435292 12.14240360260 0.00970377494
0.93170999084 12.14135932922 0.01086160820
0.93532165186 12.12366580963 0.01281018090
0.93670337612 12.15357685089 0.01404968277
0.93851006951 12.19422435760 0.01500444300
0.94084600976 12.14152526855 0.01347347163
0.94202354085 12.15275478363 0.01378029212
0.94409074017 12.15131187439 0.00860130973
0.94454787776 12.15521240234 0.01403383911
0.94512033451 12.09650611877 0.01663128473
0.94631753431 12.14205646515 0.00753248669
0.94783890410 12.17664718628 0.00877299812
0.94959697255 12.14107322693 0.00890269689
0.94971751049 12.18151760101 0.01555100922
0.95005370339 12.17929935455 0.01211489271
0.95144864300 12.11891841888 0.00967129506
0.95273069083 12.11480712891 0.00972804986
0.95341901365 12.15690422058 0.00986357033
0.95375384577 12.13293933868 0.01127850171
0.95467507944 12.10921669006 0.01648878306
0.95527754445 12.13602542877 0.01003725640
0.95702485251 12.14164257050 0.00685696863
0.95732071192 12.12777423859 0.00666210707
0.95734773180 12.13289833069 0.00860670488
0.95980067481 12.14239883423 0.00608706428
0.96001064812 12.14398670197 0.01709305495
0.96013648901 12.08771514893 0.00649393909
0.96233326092 12.14260482788 0.00920595508
0.96258857613 12.14763069153 0.01005818229
0.96620847215 12.11990261078 0.01106836926
0.96759844560 12.11820411682 0.01343523432
0.96938071435 12.16324615479 0.01387984212
0.97174932843 12.13077640533 0.01313642226
0.97288595058 12.13428497314 0.01232979354
0.97496964806 12.16214275360 0.00856373087
0.97541916801 12.16211986542 0.01451248210
0.97599099332 12.10634899139 0.01661603339
0.97720467730 12.13858795166 0.00707026711
0.97871019435 12.16201877594 0.00900230929
0.98048253031 12.12832450867 0.01267419942
0.98060465348 12.12546825409 0.01297701150
0.98094084638 12.12261581421 0.01378222741
0.98231137556 12.08292388916 0.00910847727
0.98357707937 12.11316204071 0.01075969543
0.98430552543 12.14015865326 0.00988223962
0.98462481331 12.12843227386 0.01041050348
0.98553781200 12.16169357300 0.01889146492
0.98615643836 12.13101863861 0.00928226393
0.98791184137 12.14715671539 0.00698749814
0.98819802050 12.13687229156 0.00623163581
0.98823328968 12.11258602142 0.00798986573
0.99067133374 12.13009738922 0.00601339899
0.99088955601 12.14740085602 0.01680999063
0.99102172407 12.12113761902 0.00622977596
0.99321881868 12.15138244629 0.01083883829
0.99347571912 12.10504341125 0.01017669030
0.99708738015 12.09828281403 0.01138543058
0.99848558859 12.12723445892 0.01421165094
1.00024344667 12.13966083527 0.01536135003
1.00263616280 12.16747760773 0.01354219113
1.00377309369 12.14815139771 0.01148828957
1.00584663416 12.13493156433 0.00882217102
1.00628156378 12.13937568665 0.01480210572
1.00684515398 12.08383750916 0.01614649035
1.00809182040 12.11579895020 0.00686703762
1.00958083919 12.13605880737 0.00891910866
1.01065769745 12.13981533051 0.01045179274
1.01136935072 12.08269596100 0.01515126787
1.01149179658 12.12434196472 0.01062040124
1.01182800357 12.15543937683 0.01547443774
1.01319026947 12.10900306702 0.00957769714
1.01445598737 12.05563354492 0.01000319980
1.01518443332 12.12042617798 0.00995128881
1.01549895131 12.13603591919 0.01041843370
1.01640022174 12.10151672363 0.01824242994
1.01705150784 12.11689662933 0.00914273690
1.01879073528 12.13041973114 0.00750617636
1.01907691453 12.09015941620 0.00631491188
1.02155847673 12.13054847717 0.00684783841
1.02173673024 12.12625789642 0.01637749001
1.02189270558 12.10160827637 0.00641070865
1.02410563908 12.10383987427 0.01074972935
1.02460611251 12.10344696045 0.01060648821
1.02796468884 12.08056735992 0.01008502766
1.03111441422 12.13429737091 0.01386650093
1.03353123227 12.14501857758 0.01403874438
1.03463550343 12.10198402405 0.01192076597
1.03670144011 12.14554214478 0.00934987795
1.03715222259 12.16178607941 0.01639653184
1.03771453630 12.13634395599 0.01573098078
1.03898688988 12.12254047394 0.00706350431
1.04044324881 12.15476036072 0.00933925714
1.04154484044 12.10365962982 0.01029820833
1.04224031826 12.10051155090 0.01406361721
1.04237070447 12.11340999603 0.01070642658
1.04271482385 12.10854721069 0.01194358990
1.04407551861 12.09653663635 0.00957066007
1.04532680055 12.08229446411 0.00921476632
1.04608616664 12.10825347900 0.00990316365
1.04636485444 12.11061954498 0.00994226243
1.04727118916 12.12493419647 0.01624033414
1.04789806472 12.13349533081 0.00971714780
1.04966964328 12.11501502991 0.00672469521
1.04996422585 12.09557533264 0.00663001230
1.05035817658 12.14605617523 0.01180714648
1.05244371190 12.12510967255 0.00736763654
1.05262387334 12.09694290161 0.01683014259
1.05277159961 12.09090614319 0.00698035443
1.05548532913 12.10247325897 0.01017551031
1.05885183194 12.08300304413 0.01174672134
1.06197523861 12.14226150513 0.01410616003
1.06441014016 12.13528347015 0.01269529667
1.06458696281 12.12160205841 0.00792582333
1.06551439734 12.12022590637 0.01115099154
1.06756384985 12.14560031891 0.00880492385
1.06803111651 12.14201927185 0.01586388797
1.06858519523 12.10079002380 0.01648010872
1.06986579788 12.09512233734 0.00703636324
1.07133039203 12.12565898895 0.00963423029
1.07240740466 12.10717868805 0.01093049906
1.07313540170 12.12181568146 0.01271750592
1.07325593964 12.09728336334 0.00969248172
1.07360038161 12.10348415375 0.01371782087
1.07489443815 11.97948455811 0.01800657809
1.07497883716 12.10638237000 0.01014430542
1.07617968449 12.11300849915 0.00948327873
1.07696506055 12.09693527222 0.00936503615
1.07722757279 12.13703918457 0.01096647605
1.07723722479 12.14245033264 0.02102595754
1.07815008319 12.13150215149 0.01586070098
1.07876744692 12.11421775818 0.00859232899
1.08055663190 12.10310077667 0.00720698247
1.08085136896 12.06726646423 0.00596839469
1.08121930959 12.11789417267 0.01079942007
1.08331469342 12.10507678986 0.00658594025
1.08355732635 12.12851524353 0.01729469746
1.08365843398 12.08368396759 0.00604976574
1.08638673974 12.06572914124 0.01060764212
1.08974690142 12.06603622437 0.01134255528
1.09283003060 12.12483596802 0.01336932741
1.09529569803 12.16538906097 0.01342814881
1.09543984686 12.12176609039 0.00773856416
1.09845099295 12.12693500519 0.00866257772
1.09891827358 12.15143203735 0.01637154073
1.09944823629 12.10872840881 0.01497308258
1.10054714826 12.11753559113 0.00971225277
1.10073485738 12.09372997284 0.00644042017
1.10219280166 12.12761878967 0.00915108155
1.10328471323 12.11050701141 0.01037796028
1.10400604655 12.11221885681 0.01540366746
1.10414308263 12.08450889587 0.00922939647
1.10445486498 12.12971687317 0.01304177847
1.10584948200 12.10638427734 0.00946580432
1.10705049778 12.09232330322 0.00917656347
1.10810026585 12.12505340576 0.01785409078
1.10814040306 12.08011436462 0.01032489911
1.10902708326 12.13748741150 0.01477532461
1.10963810585 12.10873794556 0.00869081356
1.11145027052 12.08418369293 0.00674363645
1.11208187370 12.14023113251 0.01134533063
1.11419358733 12.10179615021 0.00681046490
1.11446032231 12.09529495239 0.01667908020
1.11453574267 12.07728290558 0.00630646711
1.11727388273 12.09536552429 0.01071462128
1.11967157922 12.07999801636 0.01291292533
1.12060963386 12.08482933044 0.01226041373
1.12370068952 12.11964130402 0.01453209575
1.12617459195 12.15313053131 0.01352506876
1.12631050579 12.09516048431 0.00818379223
1.12933813606 12.09953975677 0.00868364517
1.12980350875 12.12994289398 0.01640165597
1.13033474796 12.12891197205 0.01587023772
1.13143398263 12.10129165649 0.00956472848
1.13162201445 12.08569049835 0.00756134279
1.13304569980 12.11548328400 0.01260523032
1.13418803189 12.07690238953 0.01044534799
1.13490143872 12.08844470978 0.01701723039
1.13502199063 12.11135482788 0.00941471290
1.13533375890 12.11982822418 0.01180048753
1.13672838989 12.09599304199 0.00995078869
1.13792940567 12.09152126312 0.00998949446
1.14050082420 12.11717605591 0.00871707965
1.14232092933 12.08476352692 0.00780504383
1.14260773989 12.07066631317 0.00644736178
1.14293651143 12.10739803314 0.00967236422
1.14334465959 12.11051559448 0.00978370663
1.14508042182 12.06739997864 0.00644951407
1.14534715668 12.09770011902 0.01731902733
1.14814612688 12.10533905029 0.01040808205
1.15055047325 12.12502384186 0.01302210242
1.15151295241 12.05212402344 0.01080459543
1.15459575900 12.13672256470 0.01340355538
1.15482765972 12.11146831512 0.01199878845
1.15704525087 12.16705894470 0.01460927259
1.15719764878 12.11148262024 0.00771892909
1.16019896057 12.10002040863 0.00861606747
1.16067416768 12.16595840454 0.01670187525
1.16121364199 12.12997245789 0.01588858478
1.16232905223 12.09613513947 0.00907020457
1.16250883485 12.10248851776 0.00685988739
1.16391698993 12.09471416473 0.01239975728
1.16505060985 12.11099815369 0.00954684149
1.16579492285 12.05079078674 0.02010493912
1.16590881103 12.09881782532 0.00974430609
1.16622059327 12.10099697113 0.01169690862
1.16752289899 12.13648509979 0.01708598062
1.16761553311 12.12892532349 0.01077676099
1.16878387507 12.09178161621 0.00970283896
1.16988851095 12.08543586731 0.01778951660
1.17134738120 12.09785938263 0.00948501192
1.17320807243 12.06016063690 0.00795447454
1.17349472863 12.08341979980 0.00638844213
1.17379908951 12.10921192169 0.01043762453
1.17420706933 12.09356403351 0.01009809785
1.17595931573 12.08852386475 0.00644224975
1.17621781561 12.08247280121 0.01672365516
1.18143761624 12.08982563019 0.01441379730
1.18461267813 12.12642288208 0.01371766906
1.18545849144 12.11502170563 0.01541685313
1.18571417150 12.08697605133 0.01037403010
1.18792414479 12.16858673096 0.01461314596
1.18806830770 12.08194828033 0.00802520290
1.19039435755 12.07933330536 0.00645430852
1.19107785448 12.09404945374 0.00925210584
1.19210079894 12.12073707581 0.01625569351
1.19321619521 12.07428646088 0.00845044013
1.19338772888 12.09483814240 0.00691257603
1.19479588384 12.12036800385 0.00961845089
1.19593775307 12.10269260406 0.01288187690
1.19666558178 12.08183002472 0.00774610881
1.19679595414 12.08408069611 0.00890124962
1.19711566274 12.08438777924 0.01243282389
1.19850076805 12.08434200287 0.00939086825
1.19964660739 12.07198810577 0.00809365232
1.20223452419 12.08019638062 0.00932348799
1.20409506105 12.07675838470 0.00728306687
1.20438995236 12.05219841003 0.00664924411
1.20466988871 12.09889507294 0.00977585930
1.20505995338 12.10014915466 0.00961160753
1.20688545960 12.02572250366 0.00637458218
1.20710305066 12.07900714874 0.01686475985
1.21232477331 12.11771869659 0.01436802372
1.21326916898 12.09518432617 0.01086394303
1.21551599668 12.08666992188 0.01080253813
1.21632787376 12.07629108429 0.01305442210
1.21659306542 12.11458683014 0.01057834644
1.21881128789 12.12820911407 0.01413302310
1.21893927513 12.08140850067 0.00796166342
1.22141946258 12.05894184113 0.00650186324
1.22194057284 12.07184410095 0.00830698293
1.22241610265 12.13488197327 0.02439170331
1.22297018126 12.15023612976 0.02542699873
1.22410302958 12.07805633545 0.00889466237
1.22427487187 12.09525203705 0.00689016003
1.22458574222 12.07787704468 0.01037372462
1.22682474169 12.14399051666 0.01076351944
1.22755272477 12.08687496185 0.00805450510
1.22800122050 12.10354900360 0.01227004733
1.22926292615 12.12795925140 0.01776717603
1.22938791115 12.13593006134 0.01041423529
1.23053184256 12.07268524170 0.00809541997
1.23311152426 12.07951927185 0.00854167342
1.23527694109 12.06267833710 0.00623264816
1.23553088156 12.09811019897 0.01064469293
1.23593886127 12.13698101044 0.01370456535
1.23778054304 12.07083320618 0.00630941102
1.23796546052 12.09014892578 0.01677783951
1.24136399152 12.10457324982 0.01099609490
1.24319383281 12.09957790375 0.01264418848
1.24414806301 12.07540416718 0.01121078897
1.24640283117 12.11140727997 0.01019625459
1.24720676767 12.12312984467 0.01365199499
1.24746435566 12.06818199158 0.01014935225
1.24968257803 12.11215305328 0.01366103254
1.24982451031 12.09271621704 0.00776938954
1.25237763487 12.09941482544 0.00658017490
1.25279505609 12.08330821991 0.00831293501
1.25330324564 12.16796016693 0.03176060691
1.25499017269 12.07180118561 0.00971078128
1.25516012090 12.07905960083 0.00645019580
1.25545670977 12.07784843445 0.01158219017
1.25769380131 12.17940616608 0.01053655986
1.25843131018 12.09796237946 0.00838669389
1.25887187943 12.08987331390 0.01183356997
1.26025064359 12.12818145752 0.01004183013
1.26138648018 12.09633159637 0.00756488601
1.26587727363 12.07709598541 0.00667571556
1.26619643532 12.09397697449 0.00624501193
1.26640977548 12.10548019409 0.01077169180
1.26680950611 12.13192176819 0.01618654653
1.26865118789 12.07483386993 0.00628297310
1.26883642795 12.05234336853 0.01713410206
1.27225113462 12.10839271545 0.01081999298
1.27288492653 12.10628604889 0.01630583033
1.27408256114 12.12111473083 0.01185650658
1.27503488341 12.10768413544 0.01048083697
1.27727221337 12.13357925415 0.01073511597
1.27807742648 12.06863594055 0.01296719071
1.27835783979 12.10561561584 0.01801923662
1.28055988671 12.11602306366 0.01296880655
1.28070341819 12.06816768646 0.00783905666
1.28326477797 12.08628368378 0.00600316096
1.28367396421 12.09161472321 0.00823616143
1.28420625557 12.17498874664 0.02367283218
1.28476856928 12.18458366394 0.02921237051
1.28586748138 12.07219123840 0.00882952381
1.28603901493 12.10047435760 0.00648671063
1.28633560368 12.06105136871 0.01003310271
1.28858094430 12.13423824310 0.01084527560
1.28931020410 12.07515716553 0.00792770740
1.28973459790 12.07118511200 0.01388371270
1.29112130252 12.09913158417 0.00919318479
1.29224096355 12.07690906525 0.00813790224
1.29675442795 12.07249641418 0.00692911912
1.29709816852 12.08296108246 0.00685639493
1.29729691858 12.06302261353 0.01057720929
1.29767254728 12.11769962311 0.01325161196
1.29969916039 12.07117557526 0.01477862429
1.30313004262 12.09688663483 0.01083653048
1.30375620269 12.12066936493 0.01335985214
1.30591379141 12.09353256226 0.01169315260
1.30815903365 12.08509159088 0.01056107134
1.30894014495 12.17194366455 0.01505560335
1.30909191153 12.08050251007 0.00880560279
1.30923674779 12.10350131989 0.01928297244
1.31142578961 12.16841602325 0.01504034363
1.31156613654 12.06708812714 0.00816059206
1.31414368597 12.11347961426 0.00619779946
1.31455285812 12.07719993591 0.00844559632
1.31506738882 12.11604404449 0.01988740079
1.31563922809 12.11167240143 0.02367235906
1.31675431575 12.08626651764 0.00909823272
1.31690999644 12.10326099396 0.00683626626
1.31722243817 12.08794021606 0.01091897767
1.31945985230 12.14470672607 0.01028772444
1.32020368834 12.09603309631 0.00732584391
1.32061350590 12.10721588135 0.01311782189
1.32200019644 12.13354396820 0.00950039271
1.32311177673 12.07570075989 0.00824212562
1.32764157106 12.08284854889 0.00646679709
1.32797706255 12.11890602112 0.00659717573
1.32815140195 12.11439704895 0.01013064291
1.32854320609 12.15359115601 0.01186851412
1.33058598079 12.09325981140 0.01452299301
1.33398294065 12.09723186493 0.00954566058
1.33463511057 12.11203193665 0.01213586424
1.33678317349 12.11945533752 0.01202438492
1.33902176621 12.10008525848 0.01082970481
1.33982539410 12.13472461700 0.01318314392
1.33995305875 12.09321022034 0.01043421403
1.34010739264 12.15598964691 0.01496929396
1.34227710252 12.17680740356 0.01338960137
1.34242886910 12.08984565735 0.00819526147
1.34464617958 12.10229206085 0.00668097241
1.34502257989 12.10680294037 0.00621462660
1.34540606488 12.08278751373 0.00875432789
1.34652637120 12.17672443390 0.02044876851
1.34763320966 12.10914611816 0.00865550619
1.34779681684 12.11363983154 0.00684273802
1.34810799593 12.07613468170 0.01043941732
1.34989709675 12.11160182953 0.01165280398
1.35038742714 12.11854648590 0.01042149123
1.35109084542 12.14287662506 0.00779127702
1.35148415074 12.13498401642 0.01673247665
1.35287116386 12.10919952393 0.00978156365
1.35399876547 12.09108829498 0.00862186123
1.35852855979 12.09563827515 0.00626453152
1.35884787573 12.12085151672 0.00675007794
1.35902062978 12.08712959290 0.01149154361
1.35941258830 12.13482666016 0.01193506364
1.36145505437 12.08887672424 0.01299787778
1.36485358549 12.13354778290 0.01094517857
1.36551400460 12.08136081696 0.01185703557
1.36767000798 12.09128856659 0.01032155380
1.36987624946 12.10629463196 0.01215648185
1.37083195266 12.06755924225 0.00910580065
1.37101040257 12.13618564606 0.01329528820
1.37142493390 12.12979125977 0.01640960388
1.37314774736 12.14248085022 0.01291405410
1.37330776302 12.08692550659 0.00887900777
1.37552507350 12.10171508789 0.00655457051
1.37591606413 12.11255168915 0.00579210371
1.37626847450 12.10328388214 0.00903668161
1.37739575340 12.18931674957 0.01902579330
1.37851211766 12.08844852448 0.00890534278
1.37868395995 12.12496852875 0.00698884064
1.37898688985 12.10375022888 0.01114438381
1.38078423974 12.13192272186 0.01215315424
1.38124191051 12.13106441498 0.01034698822
1.38233704877 12.10948467255 0.01419382356
1.38486799342 12.09448814392 0.00752454624
1.38940745371 12.09629440308 0.00637279917
1.38973327912 12.13758850098 0.00687094918
1.38989127474 12.11214351654 0.01107228547
1.39029149630 12.16948699951 0.01401673164
1.39234187477 12.08447170258 0.01210302301
1.39301879192 12.15450859070 0.01855976135
1.39573249349 12.11809635162 0.01018912531
1.39635865344 12.11605453491 0.01319306530
1.39855715097 12.12578964233 0.01230784040
1.40076339256 12.11974906921 0.01303854398
1.40171086066 12.09073543549 0.00918759592
1.40191402985 12.09940338135 0.01235924009
1.40231207700 12.15080738068 0.01518200990
1.40401871479 12.19369983673 0.01403401513
1.40416066104 12.09932804108 0.00829504244
1.40643631853 12.10160446167 0.00676387548
1.40680322109 12.13636016846 0.00634455448
1.40713913343 12.08844089508 0.00868038367
1.40942367131 12.09800720215 0.00841352809
1.40956128261 12.12170314789 0.00674625160
1.40985754877 12.11122703552 0.01115193404
1.41167107422 12.12387180328 0.01193036884
1.41211113846 12.11406898499 0.00928271562
1.41324036731 12.10219001770 0.01251689624
1.41573055752 12.09315681458 0.00759165874
1.41717803618 12.15649604797 0.01408267859
1.42029285710 12.12246131897 0.00623047817
1.42075400706 12.11559677124 0.01120888069
1.42121097643 12.13576602936 0.01095016487
1.42388943676 12.24233436584 0.02611639909
1.42659521184 12.10522556305 0.01110505778
1.42722106329 12.11469745636 0.01183039695
1.42842572660 12.12801456451 0.00766258594
1.42888200842 12.12391376495 0.01018457208
1.42941956082 12.14134120941 0.01123726554
1.43165021297 12.13880920410 0.01094537508
1.43258182821 12.09764385223 0.00856962241
1.43279293785 12.16976356506 0.01314922050
1.43319921999 12.07436370850 0.01971142739
1.43490904244 12.16911411285 0.01376090292
1.43503130588 12.11008930206 0.00870954990
1.43731522653 12.12078475952 0.00673404150
1.43768211512 12.12091922760 0.00573821785
1.43801042368 12.12191390991 0.00902808364
1.43914530624 12.19238758087 0.02257946134
1.44030257920 12.13132953644 0.00779649056
1.44046460115 12.14730453491 0.00739782024
1.44074469176 12.08761978149 0.01166072860
1.44255821721 12.14331817627 0.01193914004
1.44299003237 12.11528110504 0.01047236566
1.44412751030 12.11491680145 0.01438271347
1.44662578136 12.09518051147 0.00774868391
1.44805503613 12.14289665222 0.01433958951
1.45116351603 12.13574790955 0.00631949026
1.45164099580 12.08892822266 0.01149130426
1.45208163525 12.16484069824 0.01178688649
1.45475247793 12.09609317780 0.01905947737
1.45747410576 12.09651184082 0.00975203514
1.45809172210 12.14270877838 0.01338785421
1.45928813634 12.16323471069 0.00825576205
1.45981957193 12.14186668396 0.01035196893
1.46029845474 12.13537025452 0.01342335530
1.46250311099 12.11562633514 0.01056966558
1.46344423795 12.10058975220 0.00958767720
1.46367817279 12.14796924591 0.01276888512
1.46406987892 12.12857723236 0.01808637381
1.46579110692 12.17562007904 0.01387292799
1.46590228751 12.13411617279 0.00826838613
1.46603827132 12.14135265350 0.00645910343
1.46819570567 12.11263942719 0.00668353867
1.46849923895 12.09992504120 0.01137714554
1.46856893541 12.14183712006 0.00646866253
1.46887092548 12.11976051331 0.00831173174
1.47000771610 12.15538120270 0.01943170466
1.47117988800 12.11798477173 0.00755939260
1.47135142144 12.15507507324 0.00687272009
1.47162358568 12.10059165955 0.01110475324
1.47342729080 12.14535331726 0.01217597444
1.47387702111 12.12395572662 0.01026992314
1.47499847796 12.13129711151 0.01468966063
1.47749644017 12.10488986969 0.00808593258
1.47893393005 12.14430618286 0.01296372898
1.48206683458 12.14143371582 0.00668381015
1.48254431435 12.09548091888 0.01107882243
1.48296052928 12.15454578400 0.01207660418
1.48564406822 12.13791084290 0.01889151335
1.48835966364 12.13001728058 0.01099027693
1.48896299826 12.12653255463 0.01256100181
1.49017527944 12.14843559265 0.00823918544
1.49067881121 12.13312816620 0.01141295768
1.49115958787 12.14784622192 0.01063700020
1.49337407853 12.11900424957 0.01075204648
1.49432979571 12.13173103333 0.00907711498
1.49457356508 12.16520118713 0.01448046416
1.49495702190 12.15238475800 0.02273527347
1.49667000095 12.14601421356 0.01378023159
1.49679735699 12.12782382965 0.00819463097
1.49693334091 12.14619255066 0.00666212104
1.49910378025 12.14160537720 0.00705902278
1.49936988379 12.09124660492 0.00953956507
1.49944784341 12.14436531067 0.00650052866
1.50089485908 12.15345287323 0.01837974787
1.50205878192 12.11938762665 0.00839742646
1.50221415400 12.15608215332 0.00708918413
1.50246823463 12.08833122253 0.01110712066
1.50429793564 12.11880493164 0.01266706735
1.50476400985 12.11638164520 0.01046535280
1.50563854072 12.16376495361 0.01112093218
1.50588498963 12.13111877441 0.01549242157
1.50837374886 12.11192321777 0.00955159497
1.50979697111 12.18191337585 0.01380320080
1.51296190405 12.13502311707 0.00642230595
1.51342970389 12.14544487000 0.01098293625
1.51382167637 12.15310573578 0.01147292275
1.51924808323 12.10858631134 0.01124959532
1.51983365719 12.13286685944 0.01207948476
1.52107002621 12.16240978241 0.00836351980
1.52154154365 12.14588260651 0.01003634464
1.52212793124 12.14384937286 0.01306726970
1.52426091291 12.09912014008 0.01119113714
1.52519251406 12.12035846710 0.00824454334
1.52546007687 12.19180774689 0.01296607777
1.52583402197 12.15879821777 0.01823378354
1.52754065976 12.18737697601 0.01443971042
1.52766007534 12.11883258820 0.00857780315
1.52780415409 12.14767456055 0.00687561929
1.52998268814 12.12416839600 0.00679852860
1.53026496724 12.09659671783 0.01057819277
1.53032198153 12.15711879730 0.00658094743
1.53295386536 12.14796924591 0.00932890177
1.53310922347 12.15612983704 0.00756057492
1.53335537773 12.13404846191 0.01061547920
1.53517684364 12.16343498230 0.01335563324
1.53563482303 12.13541507721 0.00959109422
1.53676262090 12.15552711487 0.01725116186
1.54066763003 12.17310714722 0.01411279384
1.54383921274 12.15647125244 0.00656816969
1.54430861177 12.12805175781 0.01153423544
1.54469232121 12.16625499725 0.01204881538
1.54652357940 12.14282798767 0.00862259883
1.54742152488 12.13137245178 0.02005047165
1.55012697726 12.13728904724 0.01049648039
1.55071890634 12.15752124786 0.01333689317
1.55194765760 12.16972255707 0.00841877516
1.55242868664 12.10249233246 0.01013331302
1.55299857608 12.17478466034 0.01304779854
1.55513188045 12.09547519684 0.01204480138
1.55604699743 12.13474082947 0.01013168879
1.55634721986 12.18318080902 0.01437307801
1.55670529814 12.14096641541 0.01836691238
1.55846015399 12.17067337036 0.01328998245
1.55853073427 12.14537239075 0.00864802394
1.55868146277 12.15046977997 0.00654130103
1.56086983124 12.14134883881 0.00706469594
1.56116828590 12.08704948425 0.00945207383
1.56122022145 12.16386604309 0.00668703159
1.56383275928 12.14492702484 0.00878518354
1.56398653216 12.15303802490 0.00772509724
1.56425046118 12.09273433685 0.01055196114
1.56606398663 12.12674617767 0.01328018866
1.56650562212 12.07619380951 0.00989815686
1.56763327983 12.14628982544 0.01860541292
1.57154652395 12.21002769470 0.01427400298
1.57519560051 12.08322143555 0.01087472774
1.57555537624 12.18377017975 0.01259910781
1.57741072238 12.16435813904 0.00850350689
1.58103029581 12.15348815918 0.01111494098
1.58159780025 12.17023658752 0.01412254758
1.58282656549 12.15779113770 0.00826209690
1.58314405766 12.17138671875 0.00969131850
1.58329109650 12.12674427032 0.01051907800
1.58387748408 12.16069698334 0.01236321498
1.58471124643 12.12600135803 0.00942595769
1.58599429019 12.09321212769 0.01095750928
1.58693414053 12.16488838196 0.00877480395
1.58723436284 12.17124557495 0.01443454251
1.58760005899 12.21506881714 0.01796452701
1.58938154206 12.15178489685 0.01349208504
1.58940804296 12.15018939972 0.00928145368
1.58956020232 12.15468978882 0.00618447270
1.59175697423 12.15284919739 0.00719359424
1.59206335538 12.11408805847 0.01016724110
1.59209912946 12.16106128693 0.00660512224
1.59471990238 12.16570663452 0.00870465487
1.59486542607 12.15774154663 0.00758109009
1.59512935509 12.10194778442 0.01139924675
1.59695112973 12.13972759247 0.01339664496
1.59737469570 12.11700725555 0.00958213396
1.60241718288 12.16603755951 0.01329317503
1.60606641369 12.12874507904 0.01133502554
1.60641777201 12.17614555359 0.01424803957
1.60828835377 12.15398216248 0.00863279589
1.60920216620 12.16416168213 0.02846702002
1.61190920381 12.15143013000 0.01032873802
1.61244434316 12.17610263824 0.01490489859
1.61370545952 12.15957164764 0.00828365423
1.61402295157 12.15087223053 0.01251774095
1.61416206392 12.12976741791 0.00994153414
1.61559664982 12.11964321136 0.00956089981
1.61686525773 12.12264919281 0.01110627223
1.61781303445 12.16525840759 0.00875243451
1.61811961199 12.25528240204 0.01789393276
1.61848720198 12.19408512115 0.01666075364
1.62007126783 12.15516757965 0.00661564525
1.62024635077 12.13879489899 0.00961972773
1.62043911032 12.16584110260 0.00664436724
1.62262761907 12.14927768707 0.00715465983
1.62291593081 12.11776733398 0.01014810707
1.62296184793 12.16331481934 0.00655885320
1.62560673675 12.13586044312 0.00794980861
1.62600001402 12.13533210754 0.01423030440
1.63330241793 12.20147991180 0.01502802689
1.63694530772 12.11423778534 0.01074524038
1.63728018187 12.15748691559 0.01252162084
1.63913426537 12.17486381531 0.00900651049
1.64007281105 12.12235450745 0.01851214468
1.64277826331 12.17808532715 0.01161175780
1.64332325116 12.19082069397 0.01393764559
1.64459260250 12.15864562988 0.00861043110
1.64490946336 12.12427043915 0.01473900024
1.64503430808 12.13135910034 0.01036555134
1.64645936829 12.15904331207 0.00960328244
1.64866751782 12.17268276215 0.00842139218
1.64899850602 12.28535270691 0.02197849564
1.64936609601 12.18349838257 0.02016306669
1.65095808811 12.16960906982 0.00866922550
1.65113318514 12.16158866882 0.00913472846
1.65132625331 12.15765953064 0.00673289364
1.65351445356 12.15822792053 0.00759403082
1.65382749843 12.13757419586 0.01045186166
1.65385691740 12.16399002075 0.00640675100
1.65646786999 12.14747047424 0.00824776478
1.65688524919 12.12778949738 0.01204221975
1.65873968345 12.12087059021 0.01312025450
1.66066816309 12.20527076721 0.01226756442
1.66417307686 12.22414875031 0.01504904218
1.66667392908 12.17990684509 0.01709271781
1.66785829223 12.15299606323 0.01210789662
1.66815908975 12.17999076843 0.01224600989
1.67000555561 12.17689704895 0.00831851736
1.67095995403 12.30823612213 0.02698113769
1.67165611917 12.17858123779 0.00736228283
1.67365717131 12.17701053619 0.01121443044
1.67420214508 12.23233222961 0.01401167363
1.67546326143 12.18554401398 0.00904996600
1.67580485542 12.16667652130 0.01005691756
1.67589385598 12.13574695587 0.00971015729
1.67733002722 12.13465499878 0.01011264604
1.67860529886 12.08215141296 0.01141262334
1.67953659140 12.18682289124 0.00801363215
1.68025325297 12.17914676666 0.01873922721
1.68182905577 12.14357280731 0.00761603285
1.68200415268 12.16788196564 0.00908584613
1.68221973756 12.16066646576 0.00637668278
1.68440001132 12.15525913239 0.00872039516
1.68473874347 12.13873195648 0.01086677425
1.68474248925 12.16481018066 0.00661851326
1.68735501298 12.16916179657 0.00939999241
1.68777239218 12.12098979950 0.01227637194
1.68963476690 12.12186145782 0.01444525458
1.69154705713 12.20760059357 0.01249921322
1.69504436699 12.18293476105 0.01440022234
1.69753633882 12.14812183380 0.01451641880
1.69904495624 12.21382331848 0.01392024383
1.70089269860 12.17382431030 0.00818629097
1.70253501309 12.15853023529 0.00693732221
1.70444330503 12.09947681427 0.01105409022
1.70455224079 12.16010570526 0.01083756983
1.70504870208 12.23909282684 0.01757217944
1.70635040442 12.15039157867 0.00928490236
1.70667423774 12.15770912170 0.01070011407
1.70677592058 12.14693450928 0.01051642373
1.70821717021 12.16244220734 0.00909988116
1.70947595779 12.09245204926 0.01229914650
1.71030093788 12.11115360260 0.00646043429
1.71041548532 12.15436267853 0.00892473850
1.71113848814 12.22224426270 0.01738122851
1.71270605572 12.16820144653 0.00622242643
1.71286656242 12.18337726593 0.00912819151
1.71310688055 12.14838600159 0.00657478208
1.71528715431 12.17907047272 0.01014758740
1.71560146182 12.12578392029 0.01192599069
1.71562106046 12.15236759186 0.00672440650
1.71825008246 12.17012500763 0.00919688027
1.71864335972 12.14221477509 0.01352625340
1.72052191000 12.15070533752 0.01318129525
1.72241613071 12.21886444092 0.01341865771
1.72592326091 12.16854190826 0.01354055293
1.72841524682 12.14463901520 0.01477257907
1.73173862416 12.17150211334 0.00824435707
1.73273360881 12.26468181610 0.02634406835
1.73342183349 12.17015743256 0.00735255191
1.73530602339 12.11834144592 0.00995814987
1.73542320833 12.19155311584 0.01185694430
1.73591111181 12.16578102112 0.02043176070
1.73724388867 12.14778518677 0.00895634666
1.73763548234 12.14639568329 0.01079264563
1.73917725054 12.16290855408 0.00903312955
1.74033867614 12.10022830963 0.01470461674
1.74116191664 12.12719535828 0.00698955730
1.74126204220 12.17047119141 0.00923171453
1.74200152920 12.20837783813 0.02427799627
1.74359319871 12.17893123627 0.00674805883
1.74387897109 12.13974952698 0.01171284914
1.74397753947 12.16990661621 0.00674921460
1.74616606231 12.15104484558 0.01054739952
1.74647212075 12.14298915863 0.01211984176
1.74650820345 12.16069316864 0.00700607849
1.74913723953 12.17533016205 0.00876389816
1.74953019409 12.13967132568 0.01161618065
1.75140080391 12.18010234833 0.01382813882
1.75327059999 12.19012928009 0.01281042770
1.75679391983 12.19287204742 0.01359939948
1.75930048188 12.18249130249 0.01393133029
1.76076217205 12.20246410370 0.02045058273
1.76261751819 12.18310737610 0.00871396903
1.76362710702 12.12674427032 0.01766419597
1.76430897659 12.15901851654 0.00743349642
1.76619301224 12.12995147705 0.00971487816
1.76630053110 12.15669631958 0.01085675228
1.76811454748 12.15126132965 0.00956638623
1.76844789251 12.18705654144 0.01461424585
1.76849199994 12.18671703339 0.01807223819
1.76850612718 12.14264392853 0.01136099268
1.77003014856 12.17930793762 0.00973424781
1.77120108588 12.10224533081 0.01194963604
1.77204890538 12.15101146698 0.00724943727
1.77213268715 12.17878246307 0.00962048676
1.77448034182 12.16122341156 0.00676126778
1.77475564845 12.17905902863 0.01248196140
1.77488085802 12.15207862854 0.00649807695
1.77703670715 12.15830516815 0.00864287652
1.77734119433 12.15884590149 0.01152909640
1.77739694598 12.17967414856 0.00672586123
1.78039608314 12.16539478302 0.01151231676
1.78230221453 12.13515758514 0.01251421217
1.78414950799 12.21213817596 0.01250877418
1.78767090582 12.20199298859 0.01368012279
1.78976252978 12.16867542267 0.00897911098
1.79017114080 12.16230010986 0.01406943891
1.79163281689 12.19326877594 0.01502619032
1.79349514947 12.16086292267 0.00866716634
1.79449775186 12.15027999878 0.01794667915
1.79520406004 12.17078018188 0.00767951086
1.79705574457 12.12174701691 0.00976028573
1.79719560046 12.14375305176 0.01103057526
1.79900169058 12.16427135468 0.00911799166
1.79932678642 12.20933437347 0.01406237576
1.79940151947 12.14127063751 0.01063111052
1.80091698293 12.15890216827 0.01049974468
1.80209647806 12.10591793060 0.01237198897
1.80292779929 12.14017581940 0.00675715646
1.80299541948 12.15663051605 0.00833498314
1.80536717619 12.16874504089 0.00678048749
1.80563486507 12.17951011658 0.01394410711
1.80575975205 12.15664005280 0.00619294075
1.80793051398 12.16485023499 0.00910097361
1.80822833744 12.15996074677 0.01213930454
1.80828218092 12.14378547668 0.00656735105
1.81127023522 12.14186859131 0.01196656935
1.81317636662 12.05469989777 0.02364791743
1.81502047542 12.20561027527 0.01388102863
1.81851746270 12.17346668243 0.01276429929
1.82064142369 12.16638469696 0.00888610445
1.82107476797 12.14435291290 0.01339294482
1.82435755921 12.17775344849 0.00863569509
1.82607344224 12.16059494019 0.00753192045
1.82617940393 12.15902519226 0.01013168786
1.82795081416 12.15370368958 0.01094900817
1.82808242086 12.14799690247 0.01165504660
1.82924919156 12.11482334137 0.00984640419
1.82988883357 12.16712570190 0.00870440900
1.83020569442 12.19402599335 0.01462920848
1.83026266657 12.16434860229 0.01091273967
1.83179587696 12.18427181244 0.01126602851
1.83298171312 12.09356594086 0.01220780425
1.83381478814 12.16336345673 0.00751232635
1.83388097736 12.15251445770 0.00794396549
1.83626224566 12.15910911560 0.00653952966
1.83650139952 12.17460632324 0.01438964065
1.83662089915 12.16221046448 0.00651763286
1.83880148153 12.17193126678 0.00762487249
1.83910723135 12.13520336151 0.01132561453
1.83915948961 12.13984775543 0.00657946523
1.84214912914 12.16544151306 0.01149316784
1.84406033915 12.04592990875 0.01865381375
1.84589936945 12.16878509521 0.01383689977
1.84940460569 12.20481872559 0.01392720360
1.85149432183 12.17817401886 0.00897693634
1.85196192516 12.16619014740 0.01455695927
1.85522060038 12.15517139435 0.00864290539
1.85694410116 12.15853977203 0.00769993570
1.85706622433 12.17887592316 0.01007404085
1.85881987365 12.15080928802 0.01106953714
1.85894198273 12.16207981110 0.01201016549
1.86010366096 12.12454319000 0.00941378158
1.86076583364 12.16131687164 0.00989768747
1.86108458834 12.21605396271 0.02042327635
1.86112507631 12.14417171478 0.01106716134
1.86437356635 12.12815093994 0.00611452106
1.86467592116 12.13881397247 0.00678987149
1.86474369571 12.14730739594 0.00784484111
1.86716556433 12.15856361389 0.00626254175
1.86739045044 12.18052959442 0.01264960133
1.86750771955 12.14733219147 0.00602683984
1.86968831590 12.16493511200 0.00761071593
1.86997789028 12.14569759369 0.01051534899
1.87005488179 12.15371608734 0.00702188490
1.87676210189 12.18458175659 0.01299599092
1.88027526462 12.17308521271 0.01291495655
1.88237321575 12.18339347839 0.00930388924
1.88283257000 12.13938522339 0.01394206751
1.88336254656 12.12187194824 0.01897014864
1.88610711205 12.17655181885 0.00851860829
1.88784741971 12.15138053894 0.00755815301
1.88795147336 12.15663051605 0.01021300536
1.88969085517 12.11370658875 0.01006223913
1.89097605937 12.16357707977 0.00897302851
1.89166122570 12.14718627930 0.01042670570
1.89199604385 12.15264701843 0.01175942551
1.89353750320 12.16550254822 0.01062809583
1.89526055520 12.12035655975 0.00661198515
1.89556291001 12.13737583160 0.00668599643
1.89802671142 12.16009330750 0.00637970399
1.89827029838 12.14815902710 0.01611474901
1.89839486254 12.13111686707 0.00715223281
1.90057545900 12.15782070160 0.00836961344
1.90084060864 12.15599822998 0.01100911945
1.90583430254 12.14515686035 0.01254197676
1.90763908788 12.17845630646 0.01414157357
1.90995886677 12.15998268127 0.01252547093
1.91115415853 12.17063140869 0.01199804712
1.91325212375 12.15637493134 0.00906691235
1.91369497974 12.17460727692 0.01560531184
1.91423319140 12.14722824097 0.01804845966
1.91698600596 12.19003963470 0.00852245744
1.91873424011 12.13327407837 0.00848585740
1.91883861658 12.16628360748 0.01179888472
1.92056974908 12.13033199310 0.01000310667
1.92185179680 12.12086009979 0.00821838900
1.92254011973 12.12934589386 0.00872829184
1.92285876221 12.14679145813 0.01219924632
1.92442273838 12.15523815155 0.01167706307
1.92616213416 12.16999626160 0.00690611405
1.92644180392 12.14636898041 0.00709445029
1.92649324855 12.16335582733 0.00841857865
1.92891353182 12.14738368988 0.00645420933
1.92912382772 12.16801261902 0.01480232086
1.92926552147 12.11958694458 0.00698484899
1.93145435292 12.14240360260 0.00970377494
1.93170999084 12.14135932922 0.01086160820
1.93532165186 12.12366580963 0.01281018090
1.93670337612 12.15357685089 0.01404968277
1.93851006951 12.19422435760 0.01500444300
1.94084600976 12.14152526855 0.01347347163
1.94202354085 12.15275478363 0.01378029212
1.94409074017 12.15131187439 0.00860130973
1.94454787776 12.15521240234 0.01403383911
1.94512033451 12.09650611877 0.01663128473
1.94631753431 12.14205646515 0.00753248669
1.94783890410 12.17664718628 0.00877299812
1.94959697255 12.14107322693 0.00890269689
1.94971751049 12.18151760101 0.01555100922
1.95005370339 12.17929935455 0.01211489271
1.95144864300 12.11891841888 0.00967129506
1.95273069083 12.11480712891 0.00972804986
1.95341901365 12.15690422058 0.00986357033
1.95375384577 12.13293933868 0.01127850171
1.95467507944 12.10921669006 0.01648878306
1.95527754445 12.13602542877 0.01003725640
1.95702485251 12.14164257050 0.00685696863
1.95732071192 12.12777423859 0.00666210707
1.95734773180 12.13289833069 0.00860670488
1.95980067481 12.14239883423 0.00608706428
1.96001064812 12.14398670197 0.01709305495
1.96013648901 12.08771514893 0.00649393909
1.96233326092 12.14260482788 0.00920595508
1.96258857613 12.14763069153 0.01005818229
1.96620847215 12.11990261078 0.01106836926
1.96759844560 12.11820411682 0.01343523432
1.96938071435 12.16324615479 0.01387984212
1.97174932843 12.13077640533 0.01313642226
1.97288595058 12.13428497314 0.01232979354
1.97496964806 12.16214275360 0.00856373087
1.97541916801 12.16211986542 0.01451248210
1.97599099332 12.10634899139 0.01661603339
1.97720467730 12.13858795166 0.00707026711
1.97871019435 12.16201877594 0.00900230929
1.98048253031 12.12832450867 0.01267419942
1.98060465348 12.12546825409 0.01297701150
1.98094084638 12.12261581421 0.01378222741
1.98231137556 12.08292388916 0.00910847727
1.98357707937 12.11316204071 0.01075969543
1.98430552543 12.14015865326 0.00988223962
1.98462481331 12.12843227386 0.01041050348
1.98553781200 12.16169357300 0.01889146492
1.98615643836 12.13101863861 0.00928226393
1.98791184137 12.14715671539 0.00698749814
1.98819802050 12.13687229156 0.00623163581
1.98823328968 12.11258602142 0.00798986573
1.99067133374 12.13009738922 0.00601339899
1.99088955601 12.14740085602 0.01680999063
1.99102172407 12.12113761902 0.00622977596
1.99321881868 12.15138244629 0.01083883829
1.99347571912 12.10504341125 0.01017669030
1.99708738015 12.09828281403 0.01138543058
1.99848558859 12.12723445892 0.01421165094
